5.3325
4.3773
3.9875
3.8844
3.7399
3.6615
3.6294
3.4187
3.4265
3.3886
3.2833
3.2472
3.2291
3.2049
3.1039
3.1050
3.0979
3.0614
3.0250
3.0232
2.9568
3.0121
3.0201
2.9727
2.9599
2.9083
2.9089
2.8938
2.9321
2.9309
2.9147
2.8812
2.8766
2.8576
2.8556
2.8549
2.8473
2.8605
2.8095
2.8759
2.7872
2.8679
2.8107
2.8450
2.8674
2.8490
2.7715
2.7999
2.8026
2.8052
4.1977
3.1331
2.7686
2.5163
2.3671
2.2629
2.0506
1.9850
2.0050
2.1526
1.8202
1.8162
1.7548
1.6290
1.6271
1.6377
1.6583
1.6409
1.5973
1.4867
1.5086
1.4294
1.4349
1.3578
1.3879
1.3831
1.3492
1.3364
1.3046
1.3227 
1.2820
1.3273
1.2423
1.2666
1.2550
1.2599
1.2059
1.2252
1.2574
1.2053
1.2023
1.2151
1.2083
1.1785
1.1532
1.1854
1.1612
1.1808
1.1463
1.1464