0
1
10
101
102
103
104
105
106
107
108
109
11
110
111
112
114
115
116
117
118
119
12
120
122
123
124
126
127
128
129
13
130
131
132
133
134
135
136
139
14
140
143
144
145
146
147
148
149
151
152
153
155
156
157
158
159
160
161
162
163
165
166
167
168
169
170
171
172
174
175
176
177
178
179
181
182
183
184
185
186
187
188
189
19
190
191
192
193
194
195
197
198
199
2
20
200
201
203
206
207
208
209
21
210
211
212
213
215
217
218
221
222
224
225
226
227
229
230
231
232
233
237
238
24
240
241
242
243
244
245
246
247
248
249
251
252
254
255
256
257
258
26
260
262
263
265
267
269
27
270
271
272
273
274
276
277
278
279
280
281
282
283
284
287
289
29
290
291
294
295
297
298
3
300
301
302
303
304
305
307
308
309
310
311
313
314
315
317
319
32
320
322
323
325
326
327
329
33
331
332
334
335
337
338
339
34
340
341
342
343
344
346
347
349
35
350
352
355
356
357
358
359
36
360
361
362
363
364
365
367
368
369
37
370
372
373
374
375
376
378
379
38
380
382
383
384
387
388
389
39
390
391
393
394
395
396
397
399
4
40
400
402
403
404
405
406
407
409
41
410
411
412
413
414
415
417
418
419
42
420
423
424
425
426
428
429
431
435
436
437
438
439
44
441
442
443
444
446
447
448
449
452
453
454
456
458
459
46
460
461
462
463
464
465
466
467
469
47
470
471
472
473
474
476
477
478
479
48
480
481
482
483
484
486
487
488
489
49
490
491
492
493
494
497
499
5
50
500
501
503
504
505
506
507
508
51
510
511
512
513
515
516
517
518
519
52
520
521
522
523
524
526
527
528
529
53
530
531
532
533
534
535
536
537
538
539
54
540
541
542
543
544
545
546
547
548
549
55
550
551
552
553
56
58
59
6
60
61
64
65
66
67
68
69
7
70
71
72
73
74
75
76
77
78
79
8
80
81
82
83
84
85
86
88
9
90
91
92
93
94
97
98
